0 65081211
1 13290523
2 3915529
3 1745717
4 1073143
5 702516
6 482876
7 454307
8 556896
9 495239
10 486213
11 400160
12 274239
13 229944
14 200626
15 203586
16 354166
17 276738
18 282864
19 207091
20 144894
21 160405
22 144566
23 96548
24 87916
25 80970
26 56041
27 26972
28 218173
29 426856
30 275590
31 196759
32 219185
33 48598
34 98381
35 60421
36 61856
37 117040
38 73719
39 19106
40 7144
41 5787
42 5925
43 6663
44 7665
45 8036
46 6912
47 5545
48 4104
49 3006
50 2103
51 1963
52 2031
53 2124
54 1858
55 2053
56 1271
57 1293
58 1481
59 652
60 798
61 1128
62 899
63 752
64 508
65 496
66 964
67 1464
68 941
69 726
70 539
71 2349
72 6074
73 3709
74 1187
75 482
76 286
77 741
78 801
79 224
80 480
81 654
82 192
83 301
84 650
85 302
86 259
87 491
88 214
89 68
90 816
91 4079
92 2744
93 1820
94 1373
95 391
96 181
97 384
98 324
99 333
100 96
101 122
102 332
103 169
104 79
105 239
106 207
107 138
108 176
109 210
110 201
111 181
112 196
113 210
114 124
115 220
116 204
117 91
118 119
119 266
120 205
121 135
